2	21009323
6	161117218
1	114089358
6	33065245
4	3503721
1	169542517
2	40114465
2	48962782
11	27658369
2	237574521
7	36513048
3	158670991
1	19682387
5	97036461
4	74097332
5	81330127
5	179837731
4	55904923
2	233207093
3	58319306
3	12582571
1	207473117
6	39357302
5	132660272
5	14648580
5	107490712
5	60495158
5	94899801
5	1362678
5	59279497
5	50934017
5	11218376
3	10484754
4	113287277
5	56530077
5	15044733
7	32025652
5	135996882
5	149913497
5	97105687
5	147237842
5	135036995
5	54031741
5	131477684
5	16760861
5	135880423
5	14169600
5	94968619
5	80764197
5	171639109
5	112983231
5	95748427
3	29532058
5	54304613
5	1499060
5	82938978
5	53346226
7	7975326
5	132101203
5	129068533
5	5790815
5	179941681
5	58322078
5	9715812
1	54833466
7	28577012
5	107435508
5	34890623
5	81131821
5	76731998
5	142434380
5	152061834
5	36088801
5	115924618
5	32087147
5	56476000
5	83514895
5	97167819
5	3064036
6	143485414
5	56195353
3	7797790
6	167041651
5	16522016
5	112480024
5	35006980
5	179293967
1	29675805
6	131995421
4	77600371
11	61829740
7	29870611
7	28280415
5	123997680
3	60559869
4	19085897
5	98567454
5	133550050
4	108375761
4	102184528
6	118312970
4	165753360
1	32971441
1	115181074
6	115893079
6	142748178
6	142879410
5	8670107
14	98908984
6	6722259
6	10013403
6	138285115
6	138375261
6	13733333
6	32193589
1	10767078
2	229391870
6	33574761
5	162109922
1	75567219
2	56263545
1	63537185
4	54549005
6	108145820
1	37078622
2	33010257
6	165407862
1	18284522
6	142172653
4	102686478
2	203876143
6	155420979
4	103735913
1	184959033
1	93590722
6	36824230
3	156726594
1	229296169
1	201752974
6	75138465
1	228783455
5	134080567
5	88799968
5	52979273
5	143606706
5	141139584
5	165817675
5	119333399
5	76790772
5	133393236
5	62731246
5	65890171
5	115715793
5	78765317
5	129279358
5	31732585
5	123271329
5	83001543
5	66838883
5	143177028
5	79804894
7	89994532
6	30044157
9	12672097
5	139569777
1	44892855
5	175433696
1	182551477
5	65015715
5	33405491
2	65263525
7	24052659
5	6829269
5	100746651
3	9892921
2	34879322
2	199919515
4	58636522
5	114648545
3	36210223
1	165470957
5	74043289
5	74107390
1	235557598
3	73829516
3	86459605
5	36816559
6	89896612
6	159185841
3	141642812
4	111083433
1	34205754
1	224654549
4	117042982
4	118727244
5	163305015
1	54580862
4	52964590
5	88919777
5	111319709
4	122865924
5	18319167
5	170400752
7	4437393
1	242166512
1	82548691
6	107433159
2	114769331
1	213444395
7	78650433
6	44228841
1	111121721
2	107787596
5	134409707
4	186636739
2	150129251
5	125550278
6	48064412
1	109897014
2	178207454
3	120113774
3	161395079
3	37142982
5	114420100
5	13981859
4	85429530
3	158916900
1	213990332
3	8982333
1	229231368
4	120874801
2	44717738
3	2951682
3	102955104
2	8551029
4	178762249
5	63306627
1	162330033
5	166695408
4	132213398
4	59968040
3	140510603
2	52681489
1	112497655
6	113895782
6	111227610
2	143167948
2	60571986
3	13286447
2	60253838
4	161959935
5	173781605
3	13029299
4	3194302
5	107377917
2	38612181
7	4906544
6	2864061
5	68012705
5	95239623
1	112083615
5	9390105
1	242235101
3	55234364
5	111549300
3	120854448
5	163867023
2	189972
1	32713555
2	113129630
4	74016251
3	21448653
2	32270326
1	25077292
2	7010199
6	28534773
1	158715246
1	119652419
5	179232690
3	6779617
5	128331921
5	124399548
6	10460327
2	238446813
6	2058876
3	170722216
7	54490704
1	76633044
1	170175958
1	33756209
5	31452827
6	10364792
6	10745994
1	110189511
1	109819060
4	131204684
4	17222537
5	6580471
2	21174310
1	160823770
1	34652734
1	116728946
2	229964878
3	95343642
1	184826645
1	70482327
6	108806681
3	153087520
1	71805581
6	13384514
1	215944498
1	36954240
3	74329416
3	74271990
6	99651827
1	237933586
5	153488877
1	208154367
1	31800425
1	177187679
1	114358056
6	52900962
3	116993010
4	20240906
6	145265406
5	135149595
3	172341331
3	101244310
1	81097564
3	187878880
3	146496339
6	70859387
6	161502123
1	70544524
1	43131343
5	17193524
6	56426075
1	17885736
2	33439283
1	193952418
5	4912197
3	9049221
6	142693097
6	160151834
5	29500198
2	12688847
6	4101333
1	23211062
6	42309458
4	56276871
1	70056231
1	114177396
1	172217589
1	64542523
5	73123790
5	39853514
3	138629115
6	73560851
6	147936897
1	74475609
1	225230754
6	52398946
6	137568592
3	125092470
1	107536451
1	190319167
6	150091697
1	63790347
4	81858739
1	32245759
3	6984654
6	111940182
4	178111840
1	111804634
1	245409250
5	131952775
2	219715826
4	89204900
7	71724127
1	186187382
1	111215824
1	78173560
1	4304166
1	239792376
6	147179348
3	38334066
7	16691628
3	108041953
1	94539664
5	61602330
1	211669466
3	64144845
6	165966408
5	68557862
3	107988906
3	187284729
3	111962488
7	56215162
1	90482412
3	155180618
1	231937382
1	230382247
7	83900749
5	171847221
7	12764575
3	64057955
1	34379235
2	154422525
6	36956326
3	10170810
3	191738431
5	121396444
3	22941661
3	7440114
1	118996082
5	120661714
6	20236812
1	115067470
7	8354618
1	42788437
2	184322417
4	165872049
7	42722647
7	31544508
1	46754151
7	27876599
2	148592559
6	75897937
6	16572489
2	76867664
6	127589405
4	38876573
3	164383405
6	138804003
2	207480656
5	44395913
5	108012133
2	12291314
6	80346643
6	4030914
1	165047475
2	220322946
3	184858043
1	218470598
2	43772043
6	38253863
2	152608066
2	37635574
6	134352992
5	118723839
2	59867571
7	12629626
2	84281893
5	133795345
1	53902580
3	60290993
1	33689901
4	7595725
7	70555174
2	79245571
1	241866849
7	71788056
4	178452968
5	137406489
5	132537173
2	170584447
7	36763395
3	60738177
6	106146349
1	156548587
1	30445606
2	117091065
2	150002026
5	173584112
2	219519404
3	132724817
4	30667706
2	219446317
2	47536756
2	211242201
3	23727375
5	150612483
2	45975199
6	30923094
2	121293654
2	134386883
6	63795320
7	36838140
7	18850377
2	65018231
5	122091535
1	98891402
7	84109165
4	874078
7	15132838
1	41774046
6	147526582
6	65936653
7	46638657
1	5705293
2	7757503
2	7693690
3	99200290
3	47895181
1	228955344
2	27518370
6	110939720
6	106506269
3	66425444
6	92534242
1	82282893
2	143917787
1	67619903
7	45986582
4	72548569
6	90376743
1	212352946
3	99752464
3	64921974
4	40119942
6	164303014
5	174447983
4	139660778
3	4062242
6	74402999
3	122666555
7	78310679
7	78256947
2	16715489
7	2723468
3	144621138
1	196673103
4	24784289
5	132872671
6	31720440
2	15664332
6	21297845
3	118745269
3	39155061
1	190497692
3	61266795
2	10508731
2	176345783
7	16755489
7	80547768
5	73523381
3	123696667
1	231635362
1	40774847
5	6474912
1	64214066
2	221660200
6	45742816
3	71619413
4	185991955
6	37015171
5	57116543
5	56865960
1	191786782
1	64018813
1	59291377
1	59378799
3	136955658
2	230541965
2	172725148
2	167788896
3	58051065
1	108941145
2	128559531
2	200389233
2	54321345
2	54255827
1	153304947
3	24121530
6	997827
7	42084356
5	137844235
6	34936807
2	36576720
7	43787815
2	205740456
7	29755409
1	230545985
6	28314871
2	168954714
5	68466276
1	167485908
6	145463669
1	216986106
5	143708091
1	208604550
4	25541530
6	45879378
6	38805517
1	175320263
6	46467186
3	4886414
1	37399530
2	69717028
1	218900616
1	203402442
2	208470253
3	140333418
3	41162404
1	55354426
1	181140342
1	56416091
5	171702903
4	20445417
2	19003723
7	47498081
4	6184089
16	89986144
4	13823986
7	8982790
5	64609241
5	37882070
5	56669340
5	164522901
5	151890769
5	16862889
4	153295558
2	234835592
5	22431358
5	13847875
4	112861770
2	2697202
2	32925865
5	41435613
5	167696720
3	127148546
3	176760064
4	38518835
3	73082200
3	4551504
1	110556144
5	2697846
3	42035130
4	7251533
5	170047321
5	3760793
4	149931630
3	101187066
6	164795109
3	4999530
2	239340592
2	44972870
6	170505027
1	66330565
6	124367609
6	114030463
7	26474108
5	137124952
2	60096840
3	186258240
5	116510115
5	55886113
5	23242970
2	178263102
5	150286286
2	79862693
2	224028228
1	214114077
4	34983219
4	18580078
5	112109659
4	8206083
5	174548142
4	61235142
4	186258056
2	35683934
1	29466693
6	117284586
4	183804753
3	39848105
6	155130218
5	172607097
2	31330036
6	96687301
2	26581379
2	46849534
3	143100435
3	194571076
3	133369518
3	192248912
2	234593701
6	43748257
1	178028574
1	30988591
1	37317301
5	124517841
2	143629300
4	107188737
1	185166613
1	6884744
5	104018235
4	104056874
3	193375913
3	126706818
1	94092869
4	146780467
2	79752841
5	17249311
6	102053899
6	107671597
6	156480058
1	104648259
3	87805127
4	52367219
5	159843706
2	47851699
3	169941482
2	135636088
2	83164814
5	34621746
3	59431460
3	4390349
2	74936423
1	217934746
1	50116500
5	126804658
5	145918408
6	75087586
2	197632788
6	166556448
2	30950958
5	169250789
4	120096244
2	107403066
6	65402516
2	82814529
2	176035362
2	221472906
4	187306797
5	32722393
4	163858968
7	15558531
6	148938185
5	39624978
1	158170415
1	170237761
3	143298345
2	183204759
2	106976654
6	88364617
3	63289
1	170750046
2	209147238
3	140406872
7	48954341
5	19534696
4	129443228
2	219996872
4	140343980
4	15737875
3	34503659
7	30142828
2	19476178
3	64815512
1	151845522
3	135384189
1	147738099
3	98784932
7	20556816
4	4717767
6	137507098
3	66649244
3	34581429
2	66237218
4	91799329
7	35570552
5	132419959
6	33146394
2	76277130
7	28921704
3	61955182
6	110879552
2	84021268
5	32525538
2	240254664
3	87351971
6	114096055
6	128209162
2	205240534
2	11843157
7	24809210
4	21493071
4	175627631
7	50814098
1	176909543
1	175459821
2	198016944
7	8711802
2	150946330
5	72467327
2	153297833
1	201821142
2	206509104
3	155109998
5	35345395
3	29290368
1	221542377
4	113050218
5	179378611
5	167016851
6	131929001
5	167454172
3	77647271
1	221431962
6	113828821
3	78864053
4	20052285
2	67938948
2	120127734
2	159200630
7	35496320
4	157571822
4	99031559
4	43925817
6	2631874
4	125318831
6	92851432
6	65119497
6	158495940
1	236548681
11	88911696
1	20650507
2	8731212
6	31635190
2	151370056
2	137677444
2	202565733
6	70579486
2	73601411
1	11145001
18	45739554
6	54321349
2	169095723
3	148844523
1	154859814
3	193694883
3	192797768
1	172441827
2	74463251
1	158354635
6	143829472
4	188821362
3	42511603
4	5627571
6	43560704
3	104172135
2	50297645
3	7520677
2	190369464
5	157930759
3	24043675
7	55821641
4	16102625
1	89321603
2	118268746
1	201169300
5	1976364
2	60480453
4	153847900
3	46459723
3	122409547
4	539212
3	33864074
2	85666618
6	167943158
1	226367601
3	100635680
1	82360782
5	147883415
1	116115290
1	13587735
1	39630381
6	112473959
1	206901560
6	13201983
3	25512872
2	181995007
4	140856214
4	66868139
3	176494720
4	186936038
1	213935298
2	50908203
3	8400808
6	25812922
5	32835106
1	192279986
6	83222351
1	54725971
1	3765267
6	138871237
1	17948404
1	154265907
1	169119099
3	177104888
1	13782619
7	40709051
2	19787679
6	97103930
7	78772383
1	113896329
5	71949983
5	72011553
6	90946394
2	153516253
4	98971045
7	52725576
6	29501032
2	215448868
2	223379732
2	85589211
6	30594244
6	108861741
1	182142971
3	107249030
5	162805352
3	108207493
5	30933381
1	117523219
1	233312862
7	7380982
7	21954042
3	114305216
4	155170783
3	1669047
2	240410114
3	61584079
6	101020715
1	168520609
1	110271385
6	86685849
1	199343152
1	238513695
4	158269138
6	12888772
1	62951896
6	46946442
1	150706557
6	102401461
1	73899963
6	81669858
1	81826565
4	136571931
2	215946984
2	133532403
3	19399634
2	198221541
3	4163939
6	90467182
4	112997421
3	197111615
3	133080365
5	106020189
4	121975579
1	169061640
6	81962853
5	145526893
5	62132786
5	97980214
2	95529982
4	142516066
5	79752739
2	5750039
2	184903127
2	67724729
2	81719737
2	23488557
5	158777417
5	147486720
3	95830195
4	72379474
4	147026470
2	80687989
1	76031348
3	166243323
3	19330088
4	142704109
3	124295100
2	238089315
3	63089591
4	63894024
3	35236599
4	138573967
4	65392555
5	8036272
4	183008428
5	11949675
3	137228296
5	99944063
1	34109090
5	147055237
3	69294415
4	93395612
1	188359519
3	111538558
3	102715881
6	91905739
4	128296971
5	166361230
3	56799951
4	141912709
4	100545663
5	16022585
11	89011046
1	165244925
4	188512136
2	123061397
4	23586373
6	162863006
2	179692993
2	78632748
3	151784289
2	158170028
7	85385039
1	85467955
7	46689339
7	16842429
2	177883567
6	147005498
7	26388269
6	134735619
6	117412554
6	168752917
6	5884626
1	17552124
1	89007492
1	63223575
6	38985516
6	124776281
1	66539820
1	164391512
1	217063459
6	72412204
1	180371571
1	182213516
7	22305292
7	36397345
2	67067647
3	169694004
5	143870314
4	180726053
5	103823198
5	152466675
5	159040393
5	75147307
5	157509356
5	159438354
5	167970535
4	64570925
15	48426484
2	49253167
5	33056239
4	147368237
6	53399687
2	197279278
5	118615845
2	7314229
2	130808074
4	170839358
2	56073144
5	168964552
5	172533069
4	123812150
4	123911846
2	117861142
2	178371321
1	213337888
2	49987601
4	37216744
4	181455204
2	78087119
2	135741596
3	81013467
4	149171026
2	164217519
2	183767500
2	222987635
2	76158151
5	3265732
5	17921963
5	113129256
5	38615554
5	83414158
5	179080068
5	53248401
2	43094087
2	175847764
2	133900169
5	15364375
5	73454338
3	29890394
3	100990152
3	101042994
4	66791521
7	33567708
6	78388643
1	214991964
2	50189697
2	12226782
4	169014730
2	71149071
6	21236316
4	165626451
4	42569649
3	159745114
5	153925878
4	97315939
3	150316769
2	235485497
1	237681783
7	17181439
5	75807984
2	97748787
7	34483574
5	53487578
5	10800038
3	122979914
1	166140944
3	22719654
2	212903849
5	108713134
1	48744898
3	2782874
2	73239464
6	97197752
6	41659325
1	61398559
6	39948875
6	36343119
4	175152429
5	77172159
4	135532411
3	65290432
2	157137376
4	85638020
6	69134876
6	63879572
5	113875515
3	65071948
3	53164998
1	4657331
1	74161674
4	185013866
3	35955381
3	111283527
4	145335770
3	67294799
4	111236642
5	125610839
4	83453327
2	42450447
6	99286309
1	233523544
4	75205265
4	125012317
3	69467786
1	208452386
3	115524884
5	85799662
5	99257749
4	22298649
5	61680783
5	3699821
3	183045792
4	21710427
4	146574297
5	119274824
6	100365312
1	63707813
4	97654168
2	454860
4	46950454
3	173117335
2	208649191
2	191540724
2	134056215
2	21856898
4	141649319
4	51993990
2	104332453
2	30791300
3	118899323
3	104702782
2	138652078
3	168058176
2	19543325
2	33835037
3	35485917
7	38028121
7	42574620
2	155525447
3	65524721
7	14677240
7	48587874
2	150480328
5	92646297
3	114847862
3	133818223
7	53797988
6	84333758
1	245490690
1	48509261
5	137567007
2	156708680
6	110610829
4	94853950
7	82376154
2	65694722
5	178238341
5	155812874
5	176579610
6	40031410
6	135069698
3	96991607
3	197543109
2	147468787
5	125141708
5	81757626
5	61551192
4	45523868
6	61992252
2	176466239
2	48600358
6	22694600
7	20309104
3	181749188
2	226789232
5	121853801
1	153362908
1	64649636
2	200443394
2	30687983
4	42836331
5	172829021
2	140583057
4	20896597
4	11509828
4	16648467
4	168811020
3	59184489
6	66413901
3	150614224
1	46429969
1	110343114
1	162129511
1	173399532
1	227828669
2	152904517
4	186830000
6	23895602
5	160515137
3	119525087
4	164408006
3	21796184
3	179232509
1	9062498
3	13123283
6	7034226
3	116515959
7	37433468
3	103882934
1	4436599
3	98573839
4	120450639
3	23481294
5	11019293
1	213734602
4	56824547
2	23560883
4	57056824
3	99682794
1	237610127
7	69199074
2	61077136
6	63348660
6	131181631
6	131128280
1	234701612
1	203025140
1	164586049
1	108015083
3	55505532
2	220582363
1	53210776
15	28230318
15	28197037
5	139865501
1	11796321
16	89986117
16	89986154
1	236885200
1	91861488
3	38550915
5	80670210
5	83353124
3	16586299
2	17186935
1	12775725
1	202198048
4	172843426
3	146197226
1	57161530
1	216533670
2	221992394
5	24790930
5	111066174
4	84704548
2	154794859
2	180495438
2	164929076
3	21582139
1	17797462
6	72165809
6	140409647
3	30010908
7	22129460
4	57220870
5	32670694
4	38085484
4	20808081
2	218697952
5	82253397
1	158766655
6	157763821
4	64885548
5	155899802
2	133359281
2	173442872
2	5505478
4	5066062
2	120583705
2	29189257
6	66640376
5	11874453
2	96451216
2	13198065
3	126570519
6	119801796
5	32229571
3	156316858
1	50300310
3	63605138
4	11161294
3	8561797
4	126526985
3	18543873
1	225825654
2	48091019
3	29144025
4	167551359
2	14866836
2	76400003
3	183485246
4	31986185
6	35023191
7	13551572
6	117223145
2	27621734
3	109837023
6	53915634
6	29288643
6	106783695
1	57910294
6	35149622
1	62299377
6	6879287
1	86438642
6	119014700
6	68953988
6	47743864
1	164859798
1	95868922
6	162019655
5	76150100
5	24703092
6	52011469
2	12451569
3	139780213
5	40961062
6	104471138
2	33144515
2	125978668
4	162618998
3	73323941
6	68372253
1	165726342
1	241220481
2	200146066
3	160634780
3	114672933
4	184167544
2	236174434
2	226699309
1	66649401
1	91697363
6	39433969
6	45542087
1	147217371
1	168605460
1	61561641
6	76057507
1	208765325
1	9842070
2	153580163
2	177814949
3	187597453
4	54840661
3	98344726
2	28119286
1	91551096
1	67777714
2	223456822
1	173922963
1	58016669
1	80275990
4	91304126
1	58739430
3	161852857
4	10556237
2	10423787
2	18661791
3	38270462
2	155730056
4	82773130
1	169476945
2	134921318
1	115243787
2	200626837
7	36084682
6	110525045
7	27322595
2	162141193
2	120913093
3	21642638
3	164882802
3	110876555
4	148409770
3	44901897
4	141995805
3	54773213
1	230151381
6	4297052
1	108130783
4	164047012
7	36614632
7	39622669
1	204748083
5	11321925
4	69488857
4	161812776
7	46901032
5	2251272
7	34992018
1	184684499
1	108723901
7	38494809
4	187125989
2	237652440
6	164467333
1	100541021
2	158231882
3	196705296
2	15408266
2	3008518
6	131388801
2	15049722
2	222487540
2	165610841
5	79020141
4	28344153
4	23306297
3	188077869
3	76175889
3	154358368
1	23521550
6	15041712
1	38363552
7	8463913
2	70647840
3	42398097
7	72424481
5	38955694
4	181556233
4	163536080
2	151081604
4	185149278
4	168376849
6	150605363
1	201917274
2	136398280
4	181835967
7	71005851
1	186882084
1	210480030
6	12354155
6	109062456
1	101860603
4	99202029
2	221411757
2	120786740
3	106956431
4	17104708
6	16144383
2	70975947
4	180520649
2	185300097
4	94334061
2	194436006
3	114231280
6	132123094
1	70650754
1	61262925
7	17339486
2	220425506
3	62537871
5	148627450
5	116753157
5	163440189
5	142644691
2	1413427
1	7090517
6	112139446
1	175123704
1	168300872
1	23757159
6	94586287
6	139481068
7	38377955
3	114123166
4	100778225
4	153065173
4	182010923
4	87777193
3	67379931
6	4229454
19	15879621
7	34247646
4	17548726
4	14419297
2	229041536
2	75417481
2	56149173
5	59195580
2	31081281
5	103435287
5	175597723
2	19168317
2	42224414
4	177245920
4	99458991
4	13952089
3	63463530
2	105541070
2	108241049
4	12240402
6	2687495
5	25470404
5	101650047
4	126287562
3	149775859
4	188022736
1	165408315
6	54767738
1	163319781
3	129939655
4	137974503
2	150727818
2	76559719
1	31652178
1	53655200
7	9213783
1	168847007
6	1063648
6	9116124
6	89296206
6	10897255
7	83137285
7	15058379
2	205671605
5	94444717
2	216288320
2	221820845
4	128857921
2	5851837
6	79901122
5	3641907
4	80204929
1	5028557
5	113782329
1	165118255
4	16596887
1	238674566
3	105932800
4	151780504
2	34667765
4	84169596
1	88336329
6	8349278
5	136692201
7	9104775
7	48814123
3	45869378
7	38295919
4	15422967
7	29091878
4	18263021
2	58877389
5	58139813
3	29236495
2	183488404
4	65029867
1	101743489
4	108853195
4	11867162
1	65064431
5	170688519
2	223228383
2	57391311
1	200230843
1	169603407
6	27390613
6	50797639
1	176544401
6	135302695
1	116175402
6	5992257
6	50548564
1	242825855
7	68872799
2	50602006
4	55094992
5	90740272
1	169696491
6	146669909
6	98490958
16	89985940
1	154601491
5	67182798
4	86769845
7	43877414
6	79202472
6	36067577
6	15440108
6	16646927
6	16424725
1	172532503
7	75687963
4	5839160
7	43441038
2	72134831
2	10135619
3	8816277
3	14478656
3	62295761
1	47180323
2	128943043
4	48934804
6	31478689
2	221535503
4	180799363
3	52550771
2	183123871
7	29001574
2	18606204
3	113546147
1	224882466
2	172822070
7	38428863
2	233604330
5	138393085
6	46677138
5	157731364
3	41954644
2	38729805
1	24458903
1	11958233
1	183573252
1	145899155
1	205058609
3	13608262
6	17831188
2	105363049
4	37902135
2	28322242
5	172126829
3	147388003
5	58617552
1	247712113
1	118903378
1	119802257
6	37381144
4	7654128
7	26584773
2	233852579
3	45762577
2	210195326
3	172574694
2	70809350
2	1692244
2	169736199
3	122879444
2	20529837
3	52693241
4	953186
3	31748090
4	176192805
4	140628239
3	15259856
5	135343557
2	25432577
4	188417315
2	165539293
2	696458
1	12022869
6	158033842
1	95244383
1	53266643
1	23383982
6	16515961
5	83965119
4	105088606
5	31317387
5	148100517
2	178501366
5	116449816
6	168298611
5	65329685
1	99851033
4	181722054
4	183918676
4	185776340
4	130708805
2	69488713
4	161108645
2	132610983
6	833579
1	54968975
4	18160481
4	163068856
2	95196988
4	164281630
4	165389527
2	135798089
6	84981384
6	2989348
6	3978023
6	14988536
6	24285343
6	20186529
1	181006955
5	139770667
5	168328981
2	16790719
6	168632402
5	93344322
7	46451586
4	61832639
2	200745861
4	160370664
2	6226018
4	112396427
5	154524863
5	139135641
3	143153265
2	52070754
2	170208052
2	11790153
4	148720672
1	198017995
1	24867808
2	30017854
5	89452164
5	90647754
2	231424533
1	160094628
3	27649040
3	64492457
5	67550917
2	215276634
2	217773453
2	39378776
2	40048393
4	37534497
5	175777019
1	186699960
4	126184205
4	128660399
1	94384887
1	96139035
7	32827111
6	37115033
2	227861148
6	45930317
6	47108063
6	51265689
5	6760386
3	113052658
5	146690035
3	134387652
5	79960739
1	46806513
1	224724232
4	54072376
5	158161263
4	132668359
2	71803630
2	125746158
2	63553471
1	173220250
5	149473558
5	98070297
2	207679858
5	140197634
1	231352778
5	10239149
5	54148668
2	151455056
3	11629099
5	38305445
4	94575731
6	92113152
2	175435929
3	119801278
4	170072620
1	41540334
1	62109755
1	10537494
1	62162003
1	44037368
1	223388460
1	237119671
1	161966998
6	516350
1	42332533
6	84089954
6	154345477
6	158096276
6	92046884
6	39893819
7	24494451
4	107690785
6	29732302
6	30109452
7	11638213
5	128919363
4	15912383
6	31084350
4	18983846
2	205330509
1	237335186
5	169495668
5	145225668
5	33820343
5	102284470
1	59974513
6	1640317
4	58205319
3	5865788
3	70834026
1	216914999
2	96510897
3	53100082
1	234757050
2	119564241
5	10491983
3	106583213
4	139549058
6	168497735
1	181322730
2	30739131
4	178533262
7	3541759
2	167351391
6	160204946
3	102172051
4	42324198
4	105445052
2	174756754
1	218836493
3	9347539
3	9593787
3	124590491
5	98798482
5	169131798
3	9139719
4	146373976
2	56743597
4	81060438
3	145773359
1	77241706
1	200173189
7	1276603
2	155577578
2	6012001
2	6077830
3	22088900
4	62450159
2	197210741
4	159428280
3	133314048
7	24943244
3	106499706
3	187823439
3	108822296
3	182674320
7	18980257
7	37355769
2	42083365
2	236676725
2	230764645
4	184633146
7	24388598
4	88030924
4	105343524
3	2714723
7	47220462
4	101137685
3	114402915
2	232363123
1	18691361
1	178494456
6	98989690
6	91304462
6	7302274
1	57275490
1	82652361
6	137829297
6	120805336
1	245794526
1	219415461
1	207863631
1	115814733
1	164760941
1	205000458
1	48565566
1	58071689
1	22251570
1	178582337
1	159174683
6	39183390
1	217319768
1	67044015
6	72476570
1	18531104
6	156240087
1	184241671
1	2352457
1	225671439
1	162990046
1	207083958
4	101002903
2	67549386
2	81386877
2	113243289
1	107006123
4	11626614
4	101682171
4	103982380
1	22719450
4	87512728
4	88821613
3	151227455
3	71907291
6	81906366
5	29396937
5	141288810
4	59715719
2	199272885
4	65822707
2	10300861
1	212556992
2	175907541
1	119081540
1	1220751
1	220654788
4	38734929
1	99586112
7	38115961
2	226325601
3	112324311
1	208317550
2	123573572
3	170006139
3	171381099
5	121179423
5	23452815
5	167115616
5	151819641
2	64080186
5	14860614
5	115317925
5	153257440
5	174293672
5	76272228
1	207400042
1	204353807
2	35907877
7	71397770
5	51107463
5	176508315
5	58927971
2	176519444
5	120450558
5	153169261
5	11095203
4	4257160
1	40406951
6	170263910
1	80373195
1	80209844
1	242923804
1	111980473
1	13475857
1	79404188
4	88728340
6	151949537
2	46918907
1	203078493
7	20217202
4	42393967
4	40471767
3	165670247
2	38863047
7	68251304
4	180614655
2	186871022
4	2077126
4	2338690
1	109226267
1	212625635
1	244063338
1	213010891
6	31168676
1	177753954
1	34048885
3	172510754
5	154418320
3	197768463
1	235977874
5	9641516
2	201196097
2	38522778
3	194341790
3	186642620
4	71784057
4	119034632
4	6881285
5	5078200
1	29304444
1	46534894
1	46344858
1	21670789
1	84925457
1	172590183
2	162272314
6	41194780
2	55549657
3	36443331
7	77627396
2	201645091
2	70505720
3	124695607
3	52609669
6	158977601
5	71504648
1	197101312
1	200120992
3	132499779
2	15238257
1	179047348
1	53124958
1	161851114
1	100477544
2	213006985
2	173233473
2	105860636
2	201246657
2	36436095
2	36385337
2	102224047
2	158558467
2	75650686
3	115699018
3	185223937
5	143108579
5	9121479
6	100427640
6	161223508
6	165340972
7	38753643
1	204619973
1	65577336
1	64875884
2	113184192
2	217956863
2	48672011
6	69961210
7	29388119
7	29313829
10	49633658
1	233379188
1	180936312
2	64690936
3	188885163
4	155718022
4	109949609
5	169601477
5	9447605
7	18644049
3	44843155
3	4674530
6	70278273
7	78149827
2	112740989
1	151538792
1	247876411
2	228018313
4	48488993
5	160565648
6	83524425
6	7911469
2	169032562
2	42788579
6	33693314
7	39422896
1	202004437
1	158480448
2	38666518
2	191038032
3	72814353
6	6168985
6	13794289
1	50472176
2	109513601
3	7146319
4	99121111
5	151022235
5	180324111
5	133210367
1	152409644
1	116989191
3	43179357
1	247143531
1	247560368
1	46169537
1	14862803
2	173757797
2	34570988
2	37688917
5	75355259
5	157222122
6	79426749
1	234620672
4	141075262
4	110840331
1	40908771
1	157508206
1	13533075
2	8610136
1	242313953
1	44419451
3	49520424
6	131678442
4	29996839
4	74919917
2	45815339
1	2622185
1	61496281
5	133913864
1	14522592
3	192585181
7	75917574
4	148226671
3	177544639
2	239640692
3	19904565
2	65809406
7	70623127
3	23115576
2	139001336
1	229141312
7	48646436
2	120283771
7	1370914
1	246799717
5	4176720
6	55391030
2	127139744
1	62382419
2	112485744
6	44583750
2	181666127
3	71242888
3	34018587
2	126826046
2	29820753
6	138515835
5	177357511
6	21120538
3	20001342
1	55729986
2	71748791
4	135103366
5	105528850
1	234332578
1	154453788
3	40996178
2	212843035
4	38464035
3	40144144
5	86859296
4	18314369
1	115759971
2	233769013
1	39996990
2	168315160
3	51893582
4	24954285
5	60248826
6	23243334
4	113531568
5	36435374
1	202809133
4	152878877
1	69507010
4	26807555
1	163444769
1	114012715
5	178753298
2	48505805
2	157552619
1	164982005
4	45033180
3	135214774
7	39284179
2	164596232
2	48732464
3	150443735
1	217233516
4	74630505
2	185719234
5	159557279
2	6294455
2	138817774
3	67181177
6	109980458
7	46841145
7	84049636
2	233085555
6	68157858
3	165919741
3	64648902
5	38798647
5	15719241
1	95933927
7	15300704
1	112788512
1	97856823
5	27252359
5	107043405
5	82882038
1	119137673
4	21020885
5	19804780
7	21889957
1	12611224
3	191276354
4	147163153
6	53755265
4	79305002
7	31483062
2	235068323
4	162316657
6	41974242
7	18043409
5	75998521
5	161526025
1	221772830
4	150132006
6	23179470
6	1505276
6	3256661
2	112848380
4	47434387
2	41777362
5	40148661
5	91145329
4	183177181
4	47750537
3	118233662
4	188249892
4	46787881
6	129650399
3	20938304
4	173576685
1	170329868
6	62924359
6	99446062
6	129591942
1	200588639
6	22755090
1	6976742
3	98134315
3	30627192
3	119222594
6	1697964
5	61260095
1	188795412
1	30838571
4	26204316
1	213603336
5	172353497
2	30326562
2	102936675
3	14620369
7	78078240
4	4911215
6	79816669
2	62537112
2	47476845
5	7794213
5	29584720
7	33470551
4	138905566
3	29374159
5	109276356
6	152344126
1	34450520
1	225733953
1	22985532
1	87402857
1	160361229
1	161210087
1	162240820
1	162683484
1	244159085
1	245148860
1	245075693
1	242635670
1	239401382
1	41356107
1	14774443
1	15087917
2	145597888
2	126938501
2	128421665
2	155928626
2	153100550
2	180997852
2	170147675
2	12587490
2	5907812
2	15745162
2	6789187
2	6888307
2	9768772
2	11390243
2	35428656
2	39550968
2	61661567
2	65334258
2	66945809
2	52897450
2	55812375
2	62296743
2	217303128
2	204010511
2	205077837
3	72611428
3	72132773
3	72945443
3	37646661
3	126278355
3	78976419
3	58580265
3	112782510
3	42278587
3	11731310
3	190556029
3	188008325
3	189811063
3	184719692
3	118957645
3	117818592
4	7495130
4	7745093
4	6017164
4	6375582
4	7100870
4	164470856
4	25955529
4	26130739
4	29487732
4	82716215
4	87147379
4	44039650
4	153230836
4	153906822
4	21290590
4	23935451
5	180194485
5	21600514
5	25410339
5	8583974
5	99308471
5	80917997
5	81811137
5	76672693
6	87689000
6	166202497
6	38398410
6	13553811
6	16209404
6	19524844
6	19818476
6	11146642
6	11304997
7	67489861
7	71642239
7	36912324
7	12950413
7	4292806
7	89753028
10	73541236
15	28335820
18	9420506
3	116320995
2	16425328
2	18532189
4	38168039
4	121629719
4	112229403
4	13070737
4	147601143
1	116482987
1	110720187
6	95676417
1	207701830
1	208527789
1	206599399
2	122185892
2	120526148
2	121182425
2	115272190
2	99876977
2	100054987
2	100955243
2	71211654
2	192168018
2	1872020
3	97941262
3	21739803
3	24178030
4	75936156
4	76443646
4	77801161
4	78066003
4	42235881
4	187880379
4	188341092
4	55034480
4	56531744
5	51632976
5	31131302
5	38166247
2	177720786
3	176203096
3	171927384
3	106745666
6	137122917
6	132731477
6	134416950
6	134954927
6	139238748
6	144661190
1	27605187
1	9000111
1	18888924
1	106570882
1	65215860
3	196180782
5	90278111
7	197267
7	50266267
5	160443604
1	54487850
6	113589495
6	107727838
6	108699431
7	51614705
1	29949749
1	31596465
1	76433779
1	147532978
2	41937075
2	136279816
2	139716308
3	32083990
3	55034228
4	108192758
4	141145601
5	184587
5	111638615
5	152948108
6	5621999
6	1996978
2	1220708
2	51847314
2	172243715
5	988395
5	135274132
2	136608646
6	911582
4	181204969
20	32785212
1	189909464
3	127292955
1	180232049
1	33932540
1	29538595
1	29359278
1	168922943
1	160155085
1	162926705
1	200495675
1	245200121
1	239605500
1	44500051
2	133463827
2	5688570
2	206836427
2	211157030
2	211513799
2	212686370
2	216723294
2	217086102
2	223857729
2	227248459
2	229105082
2	230130731
3	115194661
3	122334868
3	135074002
3	141706576
3	144923451
3	150083567
3	46310893
3	6112738
3	7278827
3	179667212
3	185958561
3	186861955
3	168671647
3	56857418
3	57019893
4	4443588
4	8082833
4	7941379
4	31194892
4	15996847
5	37642130
5	74717786
6	72942720
7	70750238
7	15233090
7	3056577
7	5113652
7	47771845
4	36915333
4	37393891
4	38939009
4	110109631
4	113388421
4	127585807
4	129793613
4	130044775
4	131389455
4	153618904
4	166607472
1	211158551
1	9711506
1	10175981
1	220227667
2	112997613
2	114285601
2	114626816
2	118425341
2	4361968
2	98848067
2	36012931
2	48293400
2	50134250
2	54590546
2	60832248
2	66819733
2	3468894
3	70193003
3	73895285
3	28661873
3	32663251
3	37802326
3	23802129
4	182371476
4	183649932
4	176311557
5	175832179
6	149951396
6	96835907
6	97764533
6	126123538
6	136942802
1	101384274
5	147954382
5	148863160
7	56050600
1	203615722
5	116892616
5	126680552
6	3071679
3	39051835
3	38697226
3	38103384
1	241673675
1	164510242
1	3826755
1	4927364
1	36492230
1	11401544
1	221846012
1	182400098
1	79255438
1	197842152
1	177085635
1	58865191
1	7176750
1	14455884
1	87465206
1	17354782
1	184367614
1	93729151
1	223468098
1	37661482
1	221695064
1	12075469
1	184608183
1	7561529
1	76266222
1	161494024
1	167045947
1	214194987
1	231265458
1	198358038
1	216783343
1	154331500
1	219526992
2	36263481
2	25364982
2	78157620
2	234201535
2	207776450
2	9958098
2	121129250
2	8095109
2	211361452
2	80297053
2	65197880
2	45622938
2	33625315
2	68924125
2	176212162
2	23615278
2	204197910
2	11245708
2	234286586
2	79533112
2	157935048
2	70144897
2	107977012
2	106768784
2	51583301
2	171316354
2	218909978
2	233999852
2	177238501
2	125822839
2	121732356
2	67012896
2	7458394
2	80034044
2	133025530
2	53302419
2	166041739
2	143525224
2	163473872
2	207265194
2	146988025
2	19703897
2	196390762
2	221348323
2	64832469
2	168171045
2	75118069
2	38425430
2	59448794
2	61180110
2	152070316
2	29037219
2	22827551
2	98148460
2	85276016
2	235154419
2	96745212
2	35823155
2	10967119
2	222789267
2	114514212
2	130352524
2	173037135
2	53631880
2	79960843
2	231322443
2	24146149
2	223974979
2	166897484
2	10369914
2	229511350
2	170810487
2	119487127
2	58754190
2	45344564
3	144273788
3	132972113
3	53503852
3	185764830
3	62131511
3	153322400
3	137785842
3	14412778
3	14714065
3	67113457
3	168620340
3	177407832
3	61849268
3	2038877
3	177690491
3	77381479
3	36917504
3	7075009
3	177345484
3	22322395
3	12230699
3	170143570
3	121600977
3	60974492
3	100528298
3	172650911
3	67689978
3	151149276
3	5811612
3	190326228
3	115395356
3	192362043
3	188217846
3	2359283
3	61679272
3	193491389
3	60505370
3	140457357
3	30085122
3	46528231
3	37735877
3	159805708
3	157530157
3	157824514
3	76421322
3	186459821
3	113955178
3	117326159
3	88843488
3	174949656
3	155313366
3	95616089
3	185405628
3	46680172
3	131944445
3	1740840
3	10552523
4	148162961
4	30810152
4	24582822
4	182187859
4	74392961
4	29337408
4	10025918
4	184954981
4	179336216
4	147514294
4	48196969
4	25861753
4	118896467
4	87968453
4	152951291
4	188715090
4	134043443
4	153558278
4	84528170
4	34763973
4	177855348
4	185465433
4	167655448
4	138263510
4	177315248
4	41470217
4	164918226
4	60504441
4	63538659
4	152230450
4	168553821
4	161339077
5	130103881
5	16627652
5	130217123
5	59644208
5	52133595
5	175666372
5	115130448
5	127432269
5	25015456
5	36739397
5	10589390
5	31676880
5	172752581
5	160952997
5	76528140
5	61733698
5	72181288
5	163594329
5	67468149
5	166634630
5	162257392
5	147559171
5	40481552
5	16378932
5	167557120
5	56593771
5	73178072
5	95104515
5	118963521
5	75943305
5	179774846
5	66665377
5	65792348
5	155109387
5	35641480
5	50578496
6	86463903
6	3853672
6	82015451
6	159826217
6	23375303
6	156875626
6	3567321
6	47679106
6	20728500
6	143159606
6	87104125
6	163948419
6	56339042
6	90858133
6	15684214
6	149049022
6	21690778
6	103236867
6	151071137
6	12020008
6	46167752
6	161849949
6	5732587
6	159454996
6	135911542
6	100226142
6	42740890
6	130758985
6	96490351
6	49631749
6	125315204
6	12657286
6	20522059
6	10268831
6	106693371
6	98313042
6	42948182
6	37555190
7	11910435
7	27264013
7	47701559
7	70676553
7	48320740
7	31962046
7	53118347
7	45243570
7	20074966
7	3115176
7	47305404
7	21102503
7	21040788
7	87145919
7	8122351
7	45099564
7	53243834
7	18919758
7	11514469
7	35316655
7	29923318
3	162214748
2	49762879
6	150667767
2	42847085
2	230035049
1	205888526
5	129564831
1	18807766
1	205952731
1	5411457
2	151671058
3	5689197
3	184437620
3	82442331
3	186083839
4	158354436
5	93240788
6	32762235
15	28344238
1	12725527
1	19811943
1	29873894
1	157921775
1	61858779
1	61795496
1	208945543
1	14114889
1	157698600
1	88636295
1	40641102
1	211611723
1	176757966
1	30166471
1	200703571
1	238227855
1	96214444
1	171901994
1	68718355
1	107660088
1	22404776
1	109633358
1	175677905
1	78286685
1	166487467
1	83517569
1	164104484
1	186948388
2	236735556
2	80424336
2	227356053
2	149716053
2	95027029
2	201950807
2	211006907
2	41219469
2	202663256
2	45192943
2	153035868
2	46378520
2	169800626
2	237038645
2	2433302
2	115124275
2	45271579
2	230839392
2	1154409
2	139822666
2	45761884
2	11524223
2	188083114
2	67491158
2	173585669
2	204321600
2	20923901
2	219574380
2	18467421
2	57462898
2	215589522
2	230393435
2	190248527
2	34762139
2	72786707
2	174489170
2	238692045
2	25260014
2	106057636
2	132729530
2	219287637
2	58809907
2	163580135
2	77701188
2	151029042
2	99231427
2	47676957
2	177670475
2	126483223
3	125474290
3	138260165
3	73457634
3	168418902
3	79518479
3	155434716
3	49173299
3	13667681
3	183108528
3	43342149
3	191910640
3	69956130
3	186709551
3	41529281
3	146965885
3	134009022
3	184100628
3	133470348
3	70592659
3	76738560
3	107434241
3	96589211
3	188324241
3	168007561
3	121422871
3	59689610
3	107798000
3	128553638
3	18358711
3	142076731
3	149433824
3	195875916
3	155522849
3	68981150
3	188129239
3	131175000
3	125399238
3	156486388
3	14922789
3	3516797
3	183878396
3	196792338
3	170454047
3	68203529
3	111680362
3	132829961
4	157130233
4	54275676
4	186132982
4	139997929
4	150363830
4	48113247
4	92507184
4	148066821
4	159027028
4	21349637
4	176970696
4	32799851
4	117414085
4	180369143
4	141594363
4	24009985
4	85269930
4	171161938
4	130419497
4	175997590
4	42112654
4	20950332
4	83785311
4	187776941
4	65523983
4	186195073
4	155939239
4	189769791
4	183985521
4	179398598
4	144274496
4	108792999
4	11326342
5	174678196
5	98164318
5	165457533
5	112168782
5	79535681
5	31259022
5	151409490
5	92836630
5	29017353
5	171493699
5	135495091
5	167803298
5	61436725
5	87055061
5	51227535
5	31200829
5	31546184
5	133155870
5	2305376
5	175494428
5	23623288
5	178399468
5	80225885
5	31967086
5	138461691
5	24552207
6	122818136
6	121393702
6	40961184
6	110469705
6	79354263
6	12422793
6	161671469
6	142259815
6	95515888
6	154898024
6	129921713
6	91080775
6	6981406
6	21470188
6	144125381
6	26472427
6	151254115
6	150514749
6	143899267
6	129204328
6	151131222
6	17386664
6	155054855
6	169636213
7	21373561
7	33807182
7	22941019
7	36022175
7	11347603
7	89487652
7	38170235
7	78492141
7	89820091
7	34050211
7	71558892
7	90852384
7	79057803
7	88197642
14	67420064
3	95040660
4	23814039
6	32416944
2	213730132
5	37791349
3	44243092
6	143273227
5	111232760
1	167102738
1	239535824
2	127013430
2	6354629
2	11117368
2	13877184
2	205578314
3	112202269
3	112466178
3	115101159
3	127238047
3	151477092
3	162682832
3	178574565
3	190828355
3	103711478
4	44464792
4	27656430
4	12874633
5	67944408
5	17805774
5	21843925
5	78628197
5	81016767
6	74173007
6	77815001
6	78523918
6	84437693
6	87789943
6	91546451
6	67094523
6	70940469
6	169154632
6	157669711
6	21039720
6	27721723
6	28659692
6	29430002
6	11383743
6	47343269
6	16974472
4	36981685
4	85916690
4	129647869
4	154079433
2	115204226
2	40556266
2	40934324
2	41160981
2	59033172
2	66137512
2	28716760
3	86063084
3	70393753
3	73654990
3	2159167
3	23989599
3	2458024
3	61459647
3	62007992
3	62058934
3	62955573
3	64554099
5	11378705
5	6132053
5	8961449
5	169977084
5	170555032
5	171427385
5	173657780
5	163104489
6	111863418
6	115709351
6	116939272
6	123361883
6	129309209
6	130977773
6	137284490
6	148154537
6	149877355
5	141899785
1	38808453
5	127978708
6	6594088
6	8000884
4	2174727
5	179509721
6	170200899
6	24052298
6	11710172
6	78965984
6	161567735
6	159608976
6	166337928
6	23775640
6	68220736
6	162288916
6	154665437
6	105869321
6	139395804
6	107162136
6	134281316
6	138685269
6	140528565
6	143726943
6	8222541
6	41602612
6	9501626
6	46041395
6	53179581
6	155888201
6	116451501
6	107220883
6	126377573
6	101517038
6	104297539
6	33811187
6	34454577
6	40481551
6	60677829
6	9940990
6	139813872
6	99523553
6	99907059
6	148847069
6	5676226
1	32566811
6	88910536
6	89584369
6	168182326
6	166470493
6	43200379
6	14105276
6	44330035
6	151192723
6	150260902
6	132059528
6	139324158
6	102178417
6	113705857
6	148241781
6	6816099
6	758665
7	19360208
7	31314967
4	36339131
5	80545864
7	82932008
1	244775196
1	19292107
2	1622620
1	241295639
2	41671048
3	185516755
2	178556967
3	138977597
3	169167240
3	5921068
3	153760187
3	13213640
3	3573203
3	171832412
3	153673059
3	187118360
3	157085776
3	131655446
3	183583986
3	54208014
3	24442303
3	32231042
3	5985557
3	191683239
3	24549253
3	172285165
3	69225163
3	142822845
3	72505377
3	141553374
3	40496338
3	130214403
3	117215004
3	115578164
3	29456498
3	107117393
3	71519350
3	20311274
3	166702256
3	170346988
3	140572131
3	130429666
3	65958391
3	175071022
3	62485607
3	196100334
4	65462136
4	176815982
4	124886713
4	141778188
4	75550540
4	7173266
4	58540584
4	148007062
4	163463057
4	176124802
4	116006669
4	87426216
4	132080372
4	29683291
4	77944853
4	85524796
4	63468092
4	152616519
5	7539599
5	168753076
5	129945227
5	177264278
5	63414126
5	56056943
5	114020580
5	142858554
5	67006777
5	57370673
5	99658228
5	146424555
5	13482049
5	142364947
5	87375153
5	106675628
5	156918724
5	40790449
5	92712088
5	154333178
5	4426586
5	62798635
7	38830844
1	185716412
1	198114310
2	171963793
2	231696274
2	217715827
2	44079542
2	12512805
2	148811160
2	55731756
2	236573326
2	101478618
2	24052436
2	54135838
2	191696099
2	154321361
2	44280074
2	42715037
2	177147718
2	167853662
4	56747994
7	25414631
7	3180626
7	91363006
7	77191483
7	27162670
7	14051232
7	21600743
7	32166711
7	30028010
7	47847109
5	53429328
5	137072341
5	78835513
5	123032381
6	36755065
2	36705700
5	15530531
5	62203371
5	147795311
6	8995000
6	148574837
6	54019412
6	145206921
6	131279048
6	68754494
6	54595848
6	22606797
6	149524514
6	153819064
6	125372672
6	33898282
6	90796239
7	10548346
7	10814866
7	10917995
7	8816444
7	19715601
7	33627702
7	41772310
7	51010014
7	16244701
7	81318201
7	72261889
7	82143833
7	88633888
7	43522215
7	14811196
7	4371578
7	20702045
4	81409770
4	113640577
4	11575512
4	24124264
1	20249409
1	25012308
1	167933841
1	172972573
1	175053270
1	186773815
1	9225662
1	95592994
1	18358708
1	56883941
1	67313993
1	160681960
1	118393698
1	158417406
1	192542053
1	177935360
2	75540972
2	233934849
2	40403538
2	149603356
2	51218794
2	229616819
2	66710197
2	40226654
2	64883141
2	149196199
2	34241419
2	154081417
2	52824335
2	181587010
2	137254613
3	43784758
3	8730090
3	10293461
3	108963044
5	10912270
5	128782395
5	127004394
5	54591699
5	79856253
1	5135311
1	5187022
1	5639415
1	8569321
1	60675344
1	31703278
1	41859451
1	47875333
1	60893723
1	61105720
1	62432471
1	62487702
1	63435230
1	65413569
1	77361047
1	79976790
1	81637239
1	84870432
1	85261535
1	89504604
1	94020850
1	94741968
1	98179657
1	101956158
1	101798353
1	106067183
1	107167756
1	107859453
1	108591217
1	154728742
1	157148629
1	159547589
1	159612313
1	164156458
1	166292886
1	166348990
1	184014446
1	187270098
1	187661054
1	195893729
1	200968901
1	202597302
1	203723051
1	209072514
1	215676306
1	224216067
1	230898894
1	239120003
1	239888040
1	240064648
1	240279517
1	240843653
2	3833834
2	6554387
2	12108358
2	13976866
2	16361965
2	17862761
2	20151022
2	26520788
2	34104181
2	34383829
2	41467294
2	46647607
2	55119649
2	60780647
2	61255126
2	64142202
2	65082162
2	67257896
2	69926716
2	70388052
2	74847805
2	112796091
2	117511424
2	119122012
2	122744921
2	132970652
2	137107852
2	140292300
2	140882076
2	141488378
2	141878891
2	142125024
2	145908689
2	153637941
2	156098051
2	157810705
2	160892709
2	165990220
2	167983805
2	170380020
2	173975379
2	177043683
2	178780128
2	182643969
2	187941935
2	195412782
2	206594353
2	207988575
2	217162141
2	220880851
2	225355878
6	3410877
6	16007704
6	25392117
6	40256529
6	40649151
6	84618903
6	97316569
6	109785031
6	120899825
6	137945294
6	156183361
7	13640833
7	21203569
7	22720869
7	29595910
7	52654471
7	54734021
3	965228
3	4762316
3	7373765
3	16801537
3	17826508
3	26368538
3	27291329
3	27933772
3	28385538
3	60103588
3	63777318
3	65162946
3	66328575
3	69614720
3	85604283
3	96310142
3	106058722
3	108395725
3	109597791
3	112628232
3	114473016
3	116780526
5	1850106
5	38417737
5	40393503
5	5147012
5	41234541
3	131858793
3	132905478
5	6892304
5	52544586
5	53923154
5	54425120
5	54480451
5	13769891
3	143481287
3	160235154
3	178655877
3	180417580
3	190158409
5	76379494
5	83676102
5	88367793
2	105724357
5	74284659
5	74378332
5	96626887
1	60236052
5	135208237
5	141730003
5	147639551
5	151146340
5	153555832
5	158325378
5	175342269
5	178667483
4	10971637
4	19871448
4	97068817
4	99705392
4	100386517
4	103021008
4	104516205
4	106473819
4	114334122
4	114546303
4	81922817
4	83544460
4	90819399
4	91041326
4	93673048
4	95389012
4	42900717
4	44346015
4	29201931
4	47365108
4	48034694
4	53124427
4	54435541
4	39452170
4	61116378
4	156224200
4	156529670
4	156921244
4	64447779
4	71052271
4	79164788
4	118410208
1	69414119
4	119601017
4	124732439
1	91494302
4	128537103
5	113257650
5	115198135
4	143260920
5	126369471
5	128663532
4	169705401
4	179643662
4	179877852
4	181374523
4	181650949
4	184570684
5	17989147
5	31069506
5	32462647
1	54638272
1	247404749
1	30889377
1	167791494
1	219360475
1	9617795
1	47354520
1	234114535
1	186081285
1	168973591
1	194670200
1	246711573
1	242711657
2	143338010
2	234522080
4	154386274
1	114531255
1	114653545
1	218078350
1	9429913
1	10908673
2	79424507
1	76496275
1	61934815
1	205469786
1	204028798
1	26249541
1	25442446
1	18458972
1	156843858
1	233106260
1	226201954
1	20336445
1	21590741
1	167174659
1	167670618
1	198842243
1	201102756
1	87899366
1	115926814
1	247344606
1	242037945
1	242498738
2	14511764
2	150362575
2	170052123
2	206305007
2	214544446
2	220154737
3	122258435
3	128319530
3	137174514
3	170090326
3	187515369
4	5681084
6	73018018
6	74991951
6	86942024
6	169221041
7	17660190
7	23723661
7	28705725
7	43209027
4	98006381
4	83309466
4	145825808
1	111285127
1	112323975
1	211489879
1	5863728
2	64472003
2	71063928
3	14541162
3	58493243
3	62355339
4	171843036
5	141609843
1	49719403
1	51339059
1	58607758
1	58793207
1	205563954
5	123783871
1	24226345
1	16433121
1	154022171
1	159313956
1	222311403
7	50871251
7	90216589
1	221899477
1	206795548
1	216076228
2	203450671
2	3701956
2	85441865
2	43012286
2	71861631
3	138921862
3	8632674
3	54344573
3	196607545
3	55557967
3	122154586
4	24396053
4	183494185
4	183412949
4	38276133
4	140998883
4	88253041
4	37964206
4	145218744
5	593968
5	102059170
6	7118757
7	39106262
1	56554843
2	134144088
2	20680585
3	68020499
3	134923825
3	115628829
3	2283419
3	152567626
3	74567102
4	146066348
4	154320420
4	139194590
4	106848098
4	75055715
4	1517595
5	157449776
5	176379847
5	170632223
7	55245535
1	14241196
1	241117003
1	89772459
1	192127147
1	25898142
1	102943544
1	212125462
1	201460253
1	54345297
1	237483982
1	9158662
1	196155878
1	76369020
6	43354493
6	165836491
6	70084250
6	98690999
1	210576719
2	25105834
1	199202675
1	90117004
2	39778150
2	53095105
3	188664115
3	170507315
3	26273412
3	165989067
3	143732014
3	135309489
3	39208262
4	73585356
5	174746361
5	166759876
5	11147463
5	138109311
5	87198109
6	169029431
6	76682109
2	35245661
2	204481944
2	106834069
2	234134837
3	11577208
3	68897958
4	113921586
4	57474747
4	174205227
5	130804987
5	122588886
6	30796643
7	36669935
2	128791709
2	178872417
2	158843563
2	119254595
2	49194432
2	29363820
1	47599347
1	232176598
15	28365618
2	173689387
2	169261301
2	219838571
2	35623837
2	114435313
2	140960077
3	133522262
3	193054506
3	71144778
3	144134307
3	81498113
3	107921686
3	86118723
3	167808641
4	16913622
4	59132978
4	172044330
5	20590992
5	154973452
5	63741710
6	40424630
6	109277761
7	18415665
7	7754853
4	37340998
2	144466053
2	166959781
2	233029786
2	239904933
2	63287516
1	168121661
2	191484976
2	211457530
3	139629676
2	16054908
2	176931955
2	224327932
2	179623723
4	20542086
4	11955096
5	33951693
6	63238400
6	67177263
2	3780503
2	100807315
2	54433658
2	54814185
3	68315208
6	120427632
4	64334499
5	111697412
5	119636418
7	9532468
5	135715276
6	22272524
1	179764058
4	182108323
6	41403380
3	45495496
5	178346699
4	170254169
6	149215787
5	173353101
3	9267515
7	44137813
2	179928323
6	73383200
16	48258198